ID,flag,FCN3,CLEC4M,CLEC1B,PRC1,PBK
adjacent.non_tumor,0,12.8949039967568,9.55360452619699,11.3226855626846,5.43827694058246,3.7859520980515
adjacent.non_tumor.1,0,12.8949039967568,9.23976436845104,11.3226855626846,6.39466679540517,4.76214215870142
adjacent.non_tumor.2,0,11.3226855626846,9.92217763069574,11.6636924099538,5.71247392276223,4.33851577095976
adjacent.non_tumor.3,0,12.8949039967568,9.92217763069574,11.6636924099538,6.1683958883158,3.7859520980515
adjacent.non_tumor.4,0,11.6636924099538,7.58871791780885,11.3226855626846,7.15450446329111,5.11797471762326
adjacent.non_tumor.5,0,12.8949039967568,10.3186521182141,10.9721244987163,6.7056954225396,3.7859520980515
adjacent.non_tumor.6,0,12.8949039967568,9.55360452619699,12.079234977218,6.39466679540517,4.76214215870142
adjacent.non_tumor.7,0,12.8949039967568,9.92217763069574,11.6636924099538,6.39466679540517,4.76214215870142
adjacent.non_tumor.8,0,11.6636924099538,9.92217763069574,12.079234977218,5.71247392276223,3.7859520980515
adjacent.non_tumor.9,0,12.8949039967568,9.55360452619699,12.079234977218,7.15450446329111,5.71247392276223
adjacent.non_tumor.10,0,12.079234977218,8.31780991755486,11.3226855626846,6.1683958883158,4.33851577095976
adjacent.non_tumor.11,0,12.8949039967568,9.23976436845104,11.6636924099538,6.39466679540517,4.33851577095976
adjacent.non_tumor.12,0,12.8949039967568,9.23976436845104,11.3226855626846,6.39466679540517,4.76214215870142
adjacent.non_tumor.13,0,12.8949039967568,8.93169968950554,11.6636924099538,6.7056954225396,5.11797471762326
adjacent.non_tumor.14,0,12.8949039967568,8.93169968950554,11.6636924099538,6.1683958883158,3.7859520980515
adjacent.non_tumor.15,0,11.6636924099538,8.31780991755486,10.6555980493414,6.1683958883158,4.76214215870142
adjacent.non_tumor.16,0,12.079234977218,7.58871791780885,11.3226855626846,6.1683958883158,4.76214215870142
adjacent.non_tumor.17,0,12.8949039967568,10.6555980493414,10.9721244987163,6.39466679540517,3.7859520980515
adjacent.non_tumor.18,0,11.6636924099538,9.23976436845104,12.8949039967568,5.71247392276223,3.7859520980515
adjacent.non_tumor.19,0,12.8949039967568,9.55360452619699,11.6636924099538,6.1683958883158,4.76214215870142
adjacent.non_tumor.20,0,12.079234977218,10.6555980493414,11.3226855626846,6.39466679540517,3.7859520980515
adjacent.non_tumor.21,0,12.8949039967568,9.55360452619699,12.079234977218,5.93950757547521,4.76214215870142
adjacent.non_tumor.22,0,12.8949039967568,9.23976436845104,11.3226855626846,6.1683958883158,3.7859520980515
adjacent.non_tumor.23,0,12.8949039967568,9.23976436845104,11.6636924099538,6.7056954225396,4.76214215870142
adjacent.non_tumor.24,0,11.6636924099538,8.63843321481614,10.9721244987163,6.39466679540517,5.43827694058246
adjacent.non_tumor.25,0,12.8949039967568,9.55360452619699,11.6636924099538,5.93950757547521,4.76214215870142
adjacent.non_tumor.26,0,12.8949039967568,9.92217763069574,11.6636924099538,5.71247392276223,3.7859520980515
adjacent.non_tumor.27,0,12.8949039967568,9.55360452619699,12.079234977218,6.39466679540517,3.7859520980515
adjacent.non_tumor.28,0,11.6636924099538,9.23976436845104,10.9721244987163,6.39466679540517,4.76214215870142
adjacent.non_tumor.29,0,12.8949039967568,9.92217763069574,11.3226855626846,5.93950757547521,3.7859520980515
adjacent.non_tumor.30,0,11.6636924099538,8.93169968950554,11.3226855626846,6.7056954225396,4.76214215870142
adjacent.non_tumor.31,0,12.8949039967568,9.55360452619699,11.3226855626846,6.1683958883158,3.7859520980515
adjacent.non_tumor.32,0,11.6636924099538,8.93169968950554,10.9721244987163,6.7056954225396,5.93950757547521
adjacent.non_tumor.33,0,11.3226855626846,8.31780991755486,10.6555980493414,6.7056954225396,5.43827694058246
adjacent.non_tumor.34,0,12.8949039967568,9.92217763069574,12.079234977218,5.71247392276223,3.7859520980515
adjacent.non_tumor.35,0,12.079234977218,8.63843321481614,11.6636924099538,6.1683958883158,4.76214215870142
adjacent.non_tumor.36,0,12.079234977218,9.55360452619699,10.6555980493414,5.71247392276223,3.7859520980515
adjacent.non_tumor.37,0,10.9721244987163,10.3186521182141,11.3226855626846,5.71247392276223,3.7859520980515
adjacent.non_tumor.38,0,12.8949039967568,9.23976436845104,12.079234977218,5.43827694058246,3.7859520980515
adjacent.non_tumor.39,0,12.8949039967568,9.55360452619699,10.6555980493414,6.39466679540517,4.33851577095976
adjacent.non_tumor.40,0,12.8949039967568,9.55360452619699,11.3226855626846,6.1683958883158,4.76214215870142
adjacent.non_tumor.41,0,12.8949039967568,9.23976436845104,11.6636924099538,6.1683958883158,4.76214215870142
adjacent.non_tumor.42,0,12.079234977218,7.58871791780885,11.3226855626846,6.7056954225396,5.43827694058246
adjacent.non_tumor.43,0,12.8949039967568,9.92217763069574,11.6636924099538,5.93950757547521,4.76214215870142
adjacent.non_tumor.44,0,12.8949039967568,9.92217763069574,11.6636924099538,5.43827694058246,3.7859520980515
adjacent.non_tumor.45,0,11.6636924099538,9.55360452619699,12.8949039967568,5.93950757547521,4.76214215870142
adjacent.non_tumor.46,0,11.3226855626846,8.93169968950554,12.079234977218,6.7056954225396,5.11797471762326
adjacent.non_tumor.47,0,11.6636924099538,7.15450446329111,10.9721244987163,6.7056954225396,4.33851577095976
adjacent.non_tumor.48,0,11.6636924099538,9.55360452619699,10.6555980493414,6.7056954225396,4.76214215870142
adjacent.non_tumor.49,0,12.079234977218,9.92217763069574,12.8949039967568,7.15450446329111,4.76214215870142
adjacent.non_tumor.50,0,12.079234977218,9.92217763069574,12.8949039967568,6.39466679540517,4.33851577095976
adjacent.non_tumor.51,0,12.8949039967568,9.23976436845104,12.079234977218,6.1683958883158,5.11797471762326
adjacent.non_tumor.52,0,12.8949039967568,9.23976436845104,11.6636924099538,6.39466679540517,4.33851577095976
adjacent.non_tumor.53,0,12.8949039967568,9.92217763069574,12.079234977218,6.39466679540517,4.33851577095976
adjacent.non_tumor.54,0,12.079234977218,9.55360452619699,10.9721244987163,6.7056954225396,5.11797471762326
adjacent.non_tumor.55,0,12.079234977218,9.55360452619699,10.6555980493414,6.1683958883158,4.33851577095976
adjacent.non_tumor.56,0,12.8949039967568,9.55360452619699,11.6636924099538,6.39466679540517,3.7859520980515
adjacent.non_tumor.57,0,12.8949039967568,9.55360452619699,11.3226855626846,5.43827694058246,3.7859520980515
adjacent.non_tumor.58,0,12.8949039967568,9.92217763069574,12.079234977218,6.39466679540517,4.33851577095976
adjacent.non_tumor.59,0,12.8949039967568,10.3186521182141,10.9721244987163,6.7056954225396,4.33851577095976
adjacent.non_tumor.60,0,12.8949039967568,9.55360452619699,11.6636924099538,6.7056954225396,4.33851577095976
adjacent.non_tumor.61,0,12.8949039967568,8.93169968950554,12.079234977218,6.39466679540517,3.7859520980515
adjacent.non_tumor.62,0,12.8949039967568,9.92217763069574,12.079234977218,6.1683958883158,4.33851577095976
adjacent.non_tumor.63,0,12.8949039967568,9.23976436845104,12.079234977218,5.71247392276223,3.7859520980515
adjacent.non_tumor.64,0,12.8949039967568,9.55360452619699,11.3226855626846,6.39466679540517,4.76214215870142
adjacent.non_tumor.65,0,12.8949039967568,9.92217763069574,11.6636924099538,5.11797471762326,3.7859520980515
adjacent.non_tumor.66,0,12.8949039967568,9.55360452619699,11.3226855626846,6.39466679540517,5.11797471762326
adjacent.non_tumor.67,0,12.8949039967568,9.92217763069574,11.6636924099538,5.71247392276223,3.7859520980515
adjacent.non_tumor.68,0,12.8949039967568,8.93169968950554,12.079234977218,6.1683958883158,3.7859520980515
adjacent.non_tumor.69,0,12.8949039967568,9.23976436845104,12.079234977218,7.15450446329111,4.76214215870142
adjacent.non_tumor.70,0,12.8949039967568,9.23976436845104,11.3226855626846,6.1683958883158,3.7859520980515
adjacent.non_tumor.71,0,12.8949039967568,9.92217763069574,12.079234977218,6.39466679540517,4.33851577095976
adjacent.non_tumor.72,0,11.3226855626846,9.23976436845104,12.079234977218,6.1683958883158,3.7859520980515
adjacent.non_tumor.73,0,11.6636924099538,9.23976436845104,11.3226855626846,6.39466679540517,4.33851577095976
adjacent.non_tumor.74,0,12.8949039967568,9.23976436845104,12.079234977218,6.7056954225396,4.33851577095976
adjacent.non_tumor.75,0,11.3226855626846,10.3186521182141,11.6636924099538,6.7056954225396,4.76214215870142
adjacent.non_tumor.76,0,12.079234977218,8.93169968950554,12.8949039967568,6.7056954225396,3.7859520980515
adjacent.non_tumor.77,0,12.079234977218,9.92217763069574,11.6636924099538,5.71247392276223,3.7859520980515
adjacent.non_tumor.78,0,12.8949039967568,9.92217763069574,12.079234977218,6.39466679540517,3.7859520980515
adjacent.non_tumor.79,0,12.8949039967568,9.92217763069574,12.079234977218,6.1683958883158,3.7859520980515
adjacent.non_tumor.80,0,11.6636924099538,9.55360452619699,11.3226855626846,6.1683958883158,3.7859520980515
adjacent.non_tumor.81,0,11.6636924099538,9.55360452619699,12.8949039967568,6.1683958883158,3.7859520980515
adjacent.non_tumor.82,0,11.3226855626846,10.3186521182141,10.6555980493414,6.1683958883158,3.7859520980515
adjacent.non_tumor.83,0,12.079234977218,8.63843321481614,11.3226855626846,6.7056954225396,4.76214215870142
adjacent.non_tumor.84,0,12.079234977218,9.55360452619699,12.8949039967568,6.39466679540517,4.33851577095976
adjacent.non_tumor.85,0,12.079234977218,9.55360452619699,12.8949039967568,6.39466679540517,4.33851577095976
adjacent.non_tumor.86,0,12.8949039967568,10.3186521182141,12.079234977218,5.93950757547521,3.7859520980515
adjacent.non_tumor.87,0,12.8949039967568,9.23976436845104,11.3226855626846,5.71247392276223,3.7859520980515
adjacent.non_tumor.88,0,12.079234977218,8.93169968950554,12.8949039967568,5.93950757547521,4.33851577095976
adjacent.non_tumor.89,0,11.6636924099538,8.93169968950554,11.3226855626846,6.1683958883158,3.7859520980515
adjacent.non_tumor.90,0,12.8949039967568,9.92217763069574,11.6636924099538,6.1683958883158,4.33851577095976
adjacent.non_tumor.91,0,11.6636924099538,8.03012014980995,11.3226855626846,6.7056954225396,4.76214215870142
adjacent.non_tumor.92,0,12.079234977218,9.23976436845104,11.3226855626846,6.7056954225396,5.11797471762326
adjacent.non_tumor.93,0,12.079234977218,9.92217763069574,11.6636924099538,5.71247392276223,4.33851577095976
adjacent.non_tumor.94,0,12.079234977218,9.55360452619699,12.8949039967568,6.7056954225396,3.7859520980515
adjacent.non_tumor.95,0,12.8949039967568,8.93169968950554,12.079234977218,6.1683958883158,4.33851577095976
adjacent.non_tumor.96,0,12.8949039967568,9.92217763069574,12.079234977218,6.7056954225396,5.93950757547521
adjacent.non_tumor.97,0,12.8949039967568,9.55360452619699,12.079234977218,6.7056954225396,5.11797471762326
adjacent.non_tumor.98,0,11.6636924099538,9.55360452619699,9.92217763069574,6.1683958883158,4.76214215870142
adjacent.non_tumor.99,0,12.8949039967568,8.03012014980995,10.9721244987163,5.93950757547521,4.76214215870142
adjacent.non_tumor.100,0,12.8949039967568,9.55360452619699,11.6636924099538,6.1683958883158,3.7859520980515
adjacent.non_tumor.101,0,12.8949039967568,9.92217763069574,12.079234977218,6.7056954225396,4.76214215870142
adjacent.non_tumor.102,0,12.8949039967568,9.23976436845104,11.3226855626846,6.1683958883158,3.7859520980515
adjacent.non_tumor.103,0,12.8949039967568,9.23976436845104,11.3226855626846,6.7056954225396,4.76214215870142
adjacent.non_tumor.104,0,12.8949039967568,9.23976436845104,11.6636924099538,6.1683958883158,3.7859520980515
adjacent.non_tumor.105,0,12.8949039967568,9.23976436845104,12.079234977218,6.1683958883158,5.11797471762326
adjacent.non_tumor.106,0,12.8949039967568,9.92217763069574,12.079234977218,7.15450446329111,4.76214215870142
adjacent.non_tumor.107,0,12.8949039967568,8.93169968950554,12.079234977218,6.1683958883158,4.76214215870142
adjacent.non_tumor.108,0,12.8949039967568,9.92217763069574,12.079234977218,7.15450446329111,4.76214215870142
adjacent.non_tumor.109,0,12.8949039967568,9.23976436845104,12.079234977218,6.1683958883158,4.33851577095976
adjacent.non_tumor.110,0,12.8949039967568,9.92217763069574,12.079234977218,6.39466679540517,3.7859520980515
adjacent.non_tumor.111,0,12.8949039967568,9.23976436845104,12.079234977218,5.71247392276223,4.33851577095976
adjacent.non_tumor.112,0,12.8949039967568,9.92217763069574,12.079234977218,6.7056954225396,3.7859520980515
adjacent.non_tumor.113,0,12.8949039967568,9.55360452619699,12.079234977218,5.71247392276223,3.7859520980515
adjacent.non_tumor.114,0,12.8949039967568,9.55360452619699,12.079234977218,5.43827694058246,3.7859520980515
adjacent.non_tumor.115,0,12.8949039967568,8.63843321481614,11.3226855626846,7.15450446329111,5.71247392276223
adjacent.non_tumor.116,0,12.8949039967568,10.3186521182141,12.079234977218,5.71247392276223,3.7859520980515
adjacent.non_tumor.117,0,12.8949039967568,9.92217763069574,12.079234977218,6.1683958883158,3.7859520980515
adjacent.non_tumor.118,0,12.079234977218,8.93169968950554,12.8949039967568,6.7056954225396,5.11797471762326
adjacent.non_tumor.119,0,12.8949039967568,9.92217763069574,12.079234977218,6.39466679540517,3.7859520980515
adjacent.non_tumor.120,0,12.8949039967568,9.92217763069574,12.079234977218,6.39466679540517,4.76214215870142
adjacent.non_tumor.121,0,11.3226855626846,8.93169968950554,10.9721244987163,5.93950757547521,3.7859520980515
adjacent.non_tumor.122,0,12.8949039967568,9.92217763069574,12.079234977218,5.93950757547521,4.33851577095976
adjacent.non_tumor.123,0,11.6636924099538,9.92217763069574,12.8949039967568,6.1683958883158,3.7859520980515
adjacent.non_tumor.124,0,12.079234977218,10.3186521182141,12.8949039967568,6.7056954225396,3.7859520980515
adjacent.non_tumor.125,0,11.6636924099538,9.23976436845104,11.3226855626846,6.39466679540517,3.7859520980515
adjacent.non_tumor.126,0,12.8949039967568,9.92217763069574,11.3226855626846,5.93950757547521,3.7859520980515
adjacent.non_tumor.127,0,12.079234977218,9.55360452619699,10.9721244987163,5.93950757547521,3.7859520980515
adjacent.non_tumor.128,0,11.6636924099538,8.93169968950554,11.3226855626846,6.39466679540517,3.7859520980515
adjacent.non_tumor.129,0,11.6636924099538,6.39466679540517,10.9721244987163,7.15450446329111,3.7859520980515
adjacent.non_tumor.130,0,12.8949039967568,10.3186521182141,9.55360452619699,5.93950757547521,3.7859520980515
adjacent.non_tumor.131,0,12.079234977218,10.3186521182141,9.55360452619699,5.93950757547521,3.7859520980515
adjacent.non_tumor.132,0,12.079234977218,8.93169968950554,10.6555980493414,6.7056954225396,4.33851577095976
adjacent.non_tumor.133,0,12.8949039967568,9.92217763069574,11.6636924099538,5.43827694058246,4.33851577095976
adjacent.non_tumor.134,0,12.8949039967568,9.55360452619699,12.079234977218,6.39466679540517,4.76214215870142
adjacent.non_tumor.135,0,11.6636924099538,9.92217763069574,12.079234977218,5.43827694058246,3.7859520980515
adjacent.non_tumor.136,0,12.079234977218,10.3186521182141,10.6555980493414,6.39466679540517,3.7859520980515
adjacent.non_tumor.137,0,12.079234977218,9.92217763069574,10.9721244987163,6.7056954225396,4.76214215870142
adjacent.non_tumor.138,0,12.079234977218,9.92217763069574,11.3226855626846,6.1683958883158,4.33851577095976
adjacent.non_tumor.139,0,12.079234977218,9.23976436845104,10.3186521182141,6.39466679540517,3.7859520980515
adjacent.non_tumor.140,0,11.6636924099538,8.93169968950554,10.3186521182141,5.71247392276223,3.7859520980515
adjacent.non_tumor.141,0,12.8949039967568,9.92217763069574,12.079234977218,5.43827694058246,3.7859520980515
adjacent.non_tumor.142,0,12.079234977218,9.23976436845104,11.6636924099538,6.39466679540517,4.76214215870142
adjacent.non_tumor.143,0,12.8949039967568,9.92217763069574,11.6636924099538,6.1683958883158,3.7859520980515
adjacent.non_tumor.144,0,11.3226855626846,8.63843321481614,10.6555980493414,7.15450446329111,6.7056954225396
adjacent.non_tumor.145,0,12.8949039967568,9.23976436845104,10.9721244987163,7.15450446329111,5.43827694058246
adjacent.non_tumor.146,0,12.079234977218,9.55360452619699,11.3226855626846,6.7056954225396,5.43827694058246
adjacent.non_tumor.147,0,12.8949039967568,9.55360452619699,11.6636924099538,7.15450446329111,5.43827694058246
adjacent.non_tumor.148,0,12.8949039967568,9.92217763069574,10.9721244987163,6.39466679540517,3.7859520980515
adjacent.non_tumor.149,0,12.079234977218,9.92217763069574,10.9721244987163,6.7056954225396,4.33851577095976
adjacent.non_tumor.150,0,12.079234977218,9.92217763069574,12.8949039967568,6.7056954225396,3.7859520980515
adjacent.non_tumor.151,0,11.3226855626846,10.3186521182141,11.6636924099538,5.71247392276223,3.7859520980515
adjacent.non_tumor.152,0,12.079234977218,9.23976436845104,11.3226855626846,6.39466679540517,4.33851577095976
adjacent.non_tumor.153,0,12.079234977218,9.55360452619699,12.8949039967568,6.7056954225396,4.76214215870142
adjacent.non_tumor.154,0,12.8949039967568,9.55360452619699,11.3226855626846,6.7056954225396,5.71247392276223
adjacent.non_tumor.155,0,12.8949039967568,9.23976436845104,12.079234977218,6.7056954225396,3.7859520980515
adjacent.non_tumor.156,0,12.8949039967568,9.92217763069574,11.6636924099538,6.7056954225396,3.7859520980515
adjacent.non_tumor.157,0,12.8949039967568,9.55360452619699,12.079234977218,6.7056954225396,5.43827694058246
adjacent.non_tumor.158,0,12.8949039967568,9.55360452619699,12.079234977218,6.7056954225396,4.76214215870142
adjacent.non_tumor.159,0,12.8949039967568,9.92217763069574,11.6636924099538,6.39466679540517,3.7859520980515
adjacent.non_tumor.160,0,11.6636924099538,7.58871791780885,11.3226855626846,6.7056954225396,5.11797471762326
adjacent.non_tumor.161,0,12.079234977218,9.92217763069574,10.9721244987163,6.39466679540517,3.7859520980515
adjacent.non_tumor.162,0,12.079234977218,10.3186521182141,10.9721244987163,6.39466679540517,3.7859520980515
adjacent.non_tumor.163,0,12.8949039967568,9.23976436845104,12.079234977218,6.7056954225396,4.76214215870142
adjacent.non_tumor.164,0,11.3226855626846,9.23976436845104,10.6555980493414,6.7056954225396,5.11797471762326
adjacent.non_tumor.165,0,11.6636924099538,9.92217763069574,11.3226855626846,6.39466679540517,3.7859520980515
adjacent.non_tumor.166,0,12.8949039967568,8.31780991755486,11.3226855626846,7.15450446329111,6.39466679540517
adjacent.non_tumor.167,0,12.8949039967568,9.55360452619699,12.079234977218,6.7056954225396,3.7859520980515
adjacent.non_tumor.168,0,12.8949039967568,8.63843321481614,11.3226855626846,6.1683958883158,3.7859520980515
adjacent.non_tumor.169,0,12.8949039967568,8.93169968950554,10.9721244987163,6.7056954225396,4.33851577095976
adjacent.non_tumor.170,0,12.8949039967568,9.92217763069574,12.079234977218,6.7056954225396,5.43827694058246
adjacent.non_tumor.171,0,12.079234977218,8.03012014980995,10.3186521182141,7.15450446329111,4.76214215870142
adjacent.non_tumor.172,0,11.3226855626846,8.93169968950554,10.9721244987163,6.1683958883158,3.7859520980515
adjacent.non_tumor.173,0,12.8949039967568,9.92217763069574,11.3226855626846,8.03012014980995,6.1683958883158
adjacent.non_tumor.174,0,12.8949039967568,9.55360452619699,11.3226855626846,5.93950757547521,3.7859520980515
adjacent.non_tumor.175,0,12.079234977218,8.03012014980995,11.3226855626846,6.7056954225396,4.76214215870142
adjacent.non_tumor.176,0,11.6636924099538,9.55360452619699,9.92217763069574,6.1683958883158,3.7859520980515
adjacent.non_tumor.177,0,11.6636924099538,8.93169968950554,7.58871791780885,6.39466679540517,5.11797471762326
adjacent.non_tumor.178,0,12.079234977218,10.3186521182141,11.3226855626846,6.39466679540517,4.76214215870142
adjacent.non_tumor.179,0,10.9721244987163,10.6555980493414,9.92217763069574,6.39466679540517,3.7859520980515
adjacent.non_tumor.180,0,12.8949039967568,8.63843321481614,11.3226855626846,6.7056954225396,4.33851577095976
adjacent.non_tumor.181,0,12.8949039967568,8.93169968950554,11.3226855626846,6.39466679540517,3.7859520980515
adjacent.non_tumor.182,0,12.8949039967568,9.92217763069574,11.6636924099538,6.39466679540517,5.11797471762326
adjacent.non_tumor.183,0,10.9721244987163,9.92217763069574,10.6555980493414,7.15450446329111,6.39466679540517
adjacent.non_tumor.184,0,11.6636924099538,8.93169968950554,10.9721244987163,6.7056954225396,3.7859520980515
adjacent.non_tumor.185,0,9.92217763069574,9.23976436845104,8.93169968950554,5.93950757547521,4.76214215870142
adjacent.non_tumor.186,0,12.079234977218,9.92217763069574,10.9721244987163,6.7056954225396,6.1683958883158
adjacent.non_tumor.187,0,11.6636924099538,9.23976436845104,11.3226855626846,6.1683958883158,4.76214215870142
adjacent.non_tumor.188,0,12.8949039967568,9.92217763069574,11.6636924099538,6.1683958883158,4.33851577095976
adjacent.non_tumor.189,0,11.6636924099538,8.31780991755486,10.9721244987163,7.15450446329111,5.11797471762326
adjacent.non_tumor.190,0,12.079234977218,10.3186521182141,12.8949039967568,6.7056954225396,5.11797471762326
adjacent.non_tumor.191,0,11.6636924099538,9.55360452619699,11.3226855626846,5.43827694058246,3.7859520980515
adjacent.non_tumor.192,0,12.8949039967568,9.55360452619699,10.3186521182141,6.1683958883158,3.7859520980515
adjacent.non_tumor.193,0,12.079234977218,9.92217763069574,9.55360452619699,6.39466679540517,3.7859520980515
adjacent.non_tumor.194,0,12.079234977218,9.92217763069574,11.6636924099538,5.71247392276223,3.7859520980515
adjacent.non_tumor.195,0,12.8949039967568,9.92217763069574,11.6636924099538,6.39466679540517,4.76214215870142
adjacent.non_tumor.196,0,10.3186521182141,8.63843321481614,9.23976436845104,7.15450446329111,5.43827694058246
adjacent.non_tumor.197,0,11.6636924099538,8.31780991755486,10.9721244987163,6.39466679540517,4.33851577095976
adjacent.non_tumor.198,0,12.079234977218,10.6555980493414,10.9721244987163,6.39466679540517,4.76214215870142
adjacent.non_tumor.199,0,11.6636924099538,9.55360452619699,11.3226855626846,5.71247392276223,3.7859520980515
adjacent.non_tumor.200,0,12.8949039967568,8.93169968950554,11.3226855626846,6.7056954225396,4.76214215870142
adjacent.non_tumor.201,0,12.079234977218,10.3186521182141,10.9721244987163,6.1683958883158,3.7859520980515
adjacent.non_tumor.202,0,11.6636924099538,9.55360452619699,11.3226855626846,6.39466679540517,4.33851577095976
adjacent.non_tumor.203,0,11.6636924099538,9.23976436845104,9.92217763069574,6.7056954225396,3.7859520980515
adjacent.non_tumor.204,0,11.3226855626846,8.31780991755486,9.92217763069574,6.1683958883158,5.71247392276223
adjacent.non_tumor.205,0,11.6636924099538,9.92217763069574,10.6555980493414,6.1683958883158,3.7859520980515
adjacent.non_tumor.206,0,12.079234977218,9.92217763069574,10.3186521182141,6.7056954225396,3.7859520980515
adjacent.non_tumor.207,0,12.079234977218,9.92217763069574,9.55360452619699,6.1683958883158,4.76214215870142
adjacent.non_tumor.208,0,10.9721244987163,10.6555980493414,10.3186521182141,5.43827694058246,3.7859520980515
adjacent.non_tumor.209,0,11.3226855626846,8.31780991755486,9.23976436845104,5.93950757547521,3.7859520980515
adjacent.non_tumor.210,0,10.9721244987163,8.31780991755486,11.6636924099538,5.93950757547521,3.7859520980515
adjacent.non_tumor.211,0,12.8949039967568,9.92217763069574,10.3186521182141,7.15450446329111,5.43827694058246
adjacent.non_tumor.212,0,12.079234977218,9.23976436845104,10.9721244987163,6.39466679540517,4.33851577095976
adjacent.non_tumor.213,0,11.3226855626846,7.58871791780885,10.3186521182141,6.1683958883158,3.7859520980515
adjacent.non_tumor.214,0,12.079234977218,8.31780991755486,10.9721244987163,6.1683958883158,3.7859520980515
adjacent.non_tumor.215,0,12.8949039967568,9.55360452619699,11.6636924099538,5.71247392276223,3.7859520980515
adjacent.non_tumor.216,0,11.6636924099538,8.63843321481614,10.9721244987163,6.1683958883158,5.11797471762326
adjacent.non_tumor.217,0,11.3226855626846,7.15450446329111,10.3186521182141,6.1683958883158,3.7859520980515
adjacent.non_tumor.218,0,12.8949039967568,9.92217763069574,11.3226855626846,5.93950757547521,4.76214215870142
adjacent.non_tumor.219,0,11.6636924099538,7.15450446329111,11.3226855626846,6.1683958883158,4.76214215870142
adjacent.non_tumor.220,0,12.079234977218,6.7056954225396,10.9721244987163,8.03012014980995,6.39466679540517
adjacent.non_tumor.221,0,12.079234977218,9.23976436845104,10.9721244987163,6.39466679540517,4.76214215870142
adjacent.non_tumor.222,0,11.6636924099538,7.15450446329111,9.23976436845104,6.7056954225396,5.43827694058246
adjacent.non_tumor.223,0,12.8949039967568,9.55360452619699,12.079234977218,5.43827694058246,3.7859520980515
adjacent.non_tumor.224,0,12.8949039967568,10.3186521182141,12.079234977218,5.43827694058246,5.11797471762326
adjacent.non_tumor.225,0,11.6636924099538,8.93169968950554,9.55360452619699,6.39466679540517,3.7859520980515
adjacent.non_tumor.226,0,12.8949039967568,10.3186521182141,10.9721244987163,6.7056954225396,3.7859520980515
adjacent.non_tumor.227,0,12.079234977218,9.55360452619699,11.3226855626846,6.1683958883158,3.7859520980515
adjacent.non_tumor.228,0,12.8949039967568,8.63843321481614,11.6636924099538,6.1683958883158,4.76214215870142
adjacent.non_tumor.229,0,12.079234977218,10.6555980493414,9.55360452619699,6.1683958883158,3.7859520980515
adjacent.non_tumor.230,0,12.079234977218,10.6555980493414,9.92217763069574,6.39466679540517,3.7859520980515
adjacent.non_tumor.231,0,12.8949039967568,9.92217763069574,12.079234977218,5.93950757547521,3.7859520980515
adjacent.non_tumor.232,0,12.8949039967568,10.3186521182141,12.079234977218,6.1683958883158,4.33851577095976
adjacent.non_tumor.233,0,12.8949039967568,8.93169968950554,12.079234977218,6.39466679540517,5.43827694058246
adjacent.non_tumor.234,0,12.8949039967568,9.92217763069574,11.6636924099538,6.39466679540517,3.7859520980515
adjacent.non_tumor.235,0,12.8949039967568,9.92217763069574,11.3226855626846,6.39466679540517,3.7859520980515
adjacent.non_tumor.236,0,11.6636924099538,8.31780991755486,12.079234977218,8.93169968950554,6.7056954225396
adjacent.non_tumor.237,0,12.8949039967568,7.58871791780885,9.92217763069574,7.15450446329111,3.7859520980515
adjacent.non_tumor.238,0,11.3226855626846,9.55360452619699,9.23976436845104,6.1683958883158,4.33851577095976
adjacent.non_tumor.239,0,12.079234977218,9.92217763069574,8.63843321481614,6.39466679540517,3.7859520980515
adjacent.non_tumor.240,0,11.6636924099538,6.7056954225396,10.3186521182141,7.58871791780885,5.93950757547521
adjacent.non_tumor.241,0,12.079234977218,8.31780991755486,10.9721244987163,6.1683958883158,5.11797471762326
adjacent.non_tumor.242,0,11.6636924099538,7.58871791780885,10.9721244987163,6.1683958883158,5.71247392276223
HCC,1,5.93950757547521,5.11797471762326,4.76214215870142,10.3186521182141,9.23976436845104
HCC.1,1,6.1683958883158,3.7859520980515,5.93950757547521,10.3186521182141,9.92217763069574
HCC.2,1,8.63843321481614,3.7859520980515,6.39466679540517,9.92217763069574,8.31780991755486
HCC.3,1,5.71247392276223,3.7859520980515,5.43827694058246,10.3186521182141,10.6555980493414
HCC.4,1,9.23976436845104,4.33851577095976,7.58871791780885,9.55360452619699,8.31780991755486
HCC.5,1,6.39466679540517,3.7859520980515,5.43827694058246,10.3186521182141,9.23976436845104
HCC.6,1,10.6555980493414,3.7859520980515,5.43827694058246,9.23976436845104,5.11797471762326
HCC.7,1,6.7056954225396,3.7859520980515,5.43827694058246,9.55360452619699,8.31780991755486
HCC.8,1,7.58871791780885,3.7859520980515,4.33851577095976,10.6555980493414,8.31780991755486
HCC.9,1,8.03012014980995,3.7859520980515,4.33851577095976,10.9721244987163,10.6555980493414
HCC.10,1,7.58871791780885,3.7859520980515,4.33851577095976,10.3186521182141,9.92217763069574
HCC.11,1,7.15450446329111,3.7859520980515,5.11797471762326,9.92217763069574,9.23976436845104
HCC.12,1,12.079234977218,9.23976436845104,11.6636924099538,6.39466679540517,4.76214215870142
HCC.13,1,8.63843321481614,3.7859520980515,6.7056954225396,9.55360452619699,9.23976436845104
HCC.14,1,5.43827694058246,4.33851577095976,5.71247392276223,9.23976436845104,6.1683958883158
HCC.15,1,5.93950757547521,4.76214215870142,3.7859520980515,9.92217763069574,9.55360452619699
HCC.16,1,10.9721244987163,4.76214215870142,10.3186521182141,7.15450446329111,5.93950757547521
HCC.17,1,8.63843321481614,3.7859520980515,4.76214215870142,9.55360452619699,9.23976436845104
HCC.18,1,6.7056954225396,3.7859520980515,6.1683958883158,9.55360452619699,8.03012014980995
HCC.19,1,10.6555980493414,5.93950757547521,7.58871791780885,7.15450446329111,5.43827694058246
HCC.20,1,4.76214215870142,3.7859520980515,5.71247392276223,10.3186521182141,8.63843321481614
HCC.21,1,7.15450446329111,4.33851577095976,5.43827694058246,10.3186521182141,9.55360452619699
HCC.22,1,8.31780991755486,3.7859520980515,5.11797471762326,9.92217763069574,10.9721244987163
HCC.23,1,8.93169968950554,3.7859520980515,7.58871791780885,9.23976436845104,8.31780991755486
HCC.24,1,7.58871791780885,4.76214215870142,6.7056954225396,8.93169968950554,5.43827694058246
HCC.25,1,11.3226855626846,6.1683958883158,10.3186521182141,8.63843321481614,7.15450446329111
HCC.26,1,7.15450446329111,3.7859520980515,4.33851577095976,7.58871791780885,5.71247392276223
HCC.27,1,12.079234977218,6.7056954225396,10.9721244987163,7.58871791780885,5.71247392276223
HCC.28,1,5.11797471762326,3.7859520980515,4.33851577095976,10.6555980493414,10.9721244987163
HCC.29,1,9.23976436845104,4.33851577095976,5.71247392276223,8.31780991755486,5.93950757547521
HCC.30,1,8.63843321481614,4.33851577095976,5.93950757547521,9.92217763069574,8.93169968950554
HCC.31,1,6.39466679540517,3.7859520980515,5.11797471762326,9.92217763069574,9.23976436845104
HCC.32,1,6.7056954225396,4.33851577095976,4.76214215870142,10.6555980493414,10.3186521182141
HCC.33,1,5.93950757547521,3.7859520980515,5.43827694058246,10.3186521182141,9.55360452619699
HCC.34,1,8.03012014980995,3.7859520980515,6.39466679540517,10.9721244987163,9.55360452619699
HCC.35,1,12.8949039967568,8.31780991755486,11.6636924099538,7.58871791780885,7.15450446329111
HCC.36,1,8.63843321481614,3.7859520980515,6.7056954225396,10.9721244987163,9.55360452619699
HCC.37,1,8.03012014980995,3.7859520980515,5.43827694058246,10.3186521182141,8.63843321481614
HCC.38,1,7.58871791780885,3.7859520980515,5.71247392276223,10.6555980493414,9.92217763069574
HCC.39,1,8.03012014980995,3.7859520980515,4.33851577095976,10.9721244987163,8.93169968950554
HCC.40,1,7.15450446329111,4.76214215870142,5.43827694058246,10.9721244987163,9.92217763069574
HCC.41,1,7.58871791780885,4.33851577095976,4.76214215870142,10.9721244987163,11.3226855626846
HCC.42,1,7.15450446329111,3.7859520980515,5.11797471762326,10.9721244987163,9.55360452619699
HCC.43,1,8.03012014980995,3.7859520980515,6.1683958883158,9.23976436845104,10.9721244987163
HCC.44,1,9.23976436845104,4.76214215870142,3.7859520980515,10.6555980493414,7.58871791780885
HCC.45,1,6.1683958883158,3.7859520980515,4.33851577095976,10.6555980493414,9.23976436845104
HCC.46,1,6.1683958883158,4.33851577095976,4.76214215870142,10.3186521182141,7.15450446329111
HCC.47,1,7.15450446329111,3.7859520980515,4.33851577095976,10.9721244987163,10.3186521182141
HCC.48,1,5.71247392276223,3.7859520980515,5.93950757547521,9.92217763069574,8.63843321481614
HCC.49,1,8.63843321481614,3.7859520980515,6.39466679540517,10.9721244987163,9.55360452619699
HCC.50,1,7.15450446329111,3.7859520980515,5.93950757547521,10.6555980493414,8.31780991755486
HCC.51,1,8.63843321481614,3.7859520980515,6.1683958883158,8.31780991755486,5.93950757547521
HCC.52,1,9.55360452619699,4.33851577095976,5.43827694058246,10.3186521182141,8.31780991755486
HCC.53,1,6.39466679540517,3.7859520980515,4.76214215870142,9.23976436845104,9.55360452619699
HCC.54,1,8.03012014980995,3.7859520980515,5.71247392276223,9.55360452619699,6.7056954225396
HCC.55,1,6.7056954225396,3.7859520980515,4.33851577095976,10.6555980493414,8.31780991755486
HCC.56,1,7.15450446329111,3.7859520980515,4.33851577095976,9.92217763069574,8.63843321481614
HCC.57,1,9.92217763069574,4.76214215870142,5.43827694058246,8.63843321481614,5.71247392276223
HCC.58,1,6.1683958883158,3.7859520980515,5.93950757547521,9.92217763069574,8.03012014980995
HCC.59,1,6.7056954225396,3.7859520980515,5.93950757547521,9.92217763069574,9.55360452619699
HCC.60,1,9.55360452619699,4.33851577095976,5.11797471762326,9.92217763069574,8.03012014980995
HCC.61,1,6.7056954225396,3.7859520980515,5.93950757547521,10.6555980493414,8.63843321481614
HCC.62,1,7.58871791780885,3.7859520980515,5.43827694058246,9.92217763069574,8.31780991755486
HCC.63,1,7.58871791780885,4.33851577095976,5.43827694058246,9.92217763069574,8.93169968950554
HCC.64,1,8.03012014980995,4.33851577095976,6.1683958883158,9.92217763069574,8.31780991755486
HCC.65,1,7.58871791780885,3.7859520980515,5.93950757547521,9.55360452619699,8.93169968950554
HCC.66,1,8.03012014980995,4.33851577095976,3.7859520980515,9.55360452619699,8.93169968950554
HCC.67,1,8.63843321481614,4.33851577095976,7.15450446329111,9.23976436845104,8.31780991755486
HCC.68,1,7.15450446329111,4.33851577095976,3.7859520980515,9.92217763069574,8.03012014980995
HCC.69,1,5.93950757547521,3.7859520980515,6.39466679540517,10.9721244987163,10.6555980493414
HCC.70,1,8.63843321481614,3.7859520980515,6.1683958883158,9.23976436845104,8.31780991755486
HCC.71,1,7.15450446329111,4.33851577095976,5.11797471762326,9.92217763069574,8.31780991755486
HCC.72,1,9.92217763069574,3.7859520980515,5.93950757547521,10.3186521182141,8.31780991755486
HCC.73,1,5.93950757547521,3.7859520980515,5.11797471762326,10.3186521182141,9.55360452619699
HCC.74,1,6.7056954225396,3.7859520980515,5.11797471762326,9.92217763069574,8.03012014980995
HCC.75,1,6.39466679540517,4.76214215870142,5.43827694058246,10.3186521182141,9.55360452619699
HCC.76,1,9.23976436845104,3.7859520980515,7.15450446329111,10.3186521182141,8.93169968950554
HCC.77,1,9.23976436845104,4.33851577095976,4.76214215870142,8.93169968950554,6.1683958883158
HCC.78,1,8.63843321481614,3.7859520980515,5.71247392276223,9.92217763069574,7.15450446329111
HCC.79,1,7.15450446329111,4.33851577095976,5.43827694058246,9.92217763069574,8.93169968950554
HCC.80,1,6.7056954225396,4.33851577095976,5.43827694058246,10.9721244987163,9.23976436845104
HCC.81,1,6.1683958883158,4.33851577095976,5.71247392276223,10.6555980493414,8.93169968950554
HCC.82,1,8.03012014980995,3.7859520980515,5.71247392276223,10.6555980493414,9.23976436845104
HCC.83,1,7.15450446329111,4.33851577095976,5.11797471762326,10.9721244987163,9.55360452619699
HCC.84,1,6.7056954225396,3.7859520980515,4.33851577095976,9.55360452619699,8.63843321481614
HCC.85,1,11.6636924099538,8.93169968950554,10.6555980493414,9.23976436845104,8.03012014980995
HCC.86,1,6.7056954225396,4.76214215870142,5.93950757547521,9.55360452619699,9.92217763069574
HCC.87,1,9.92217763069574,3.7859520980515,5.43827694058246,8.63843321481614,6.1683958883158
HCC.88,1,7.58871791780885,3.7859520980515,5.93950757547521,10.3186521182141,9.92217763069574
HCC.89,1,8.63843321481614,5.71247392276223,8.31780991755486,10.3186521182141,9.55360452619699
HCC.90,1,11.6636924099538,7.58871791780885,10.3186521182141,8.31780991755486,6.39466679540517
HCC.91,1,8.31780991755486,3.7859520980515,5.93950757547521,10.3186521182141,9.55360452619699
HCC.92,1,6.39466679540517,3.7859520980515,5.93950757547521,10.3186521182141,8.93169968950554
HCC.93,1,6.7056954225396,3.7859520980515,5.11797471762326,10.6555980493414,8.93169968950554
HCC.94,1,9.92217763069574,3.7859520980515,8.03012014980995,10.3186521182141,8.63843321481614
HCC.95,1,9.55360452619699,3.7859520980515,5.93950757547521,8.93169968950554,6.39466679540517
HCC.96,1,6.7056954225396,3.7859520980515,6.1683958883158,11.3226855626846,9.92217763069574
HCC.97,1,9.55360452619699,3.7859520980515,6.39466679540517,9.23976436845104,6.1683958883158
HCC.98,1,5.71247392276223,3.7859520980515,5.93950757547521,10.3186521182141,9.92217763069574
HCC.99,1,9.55360452619699,4.33851577095976,4.76214215870142,9.92217763069574,7.58871791780885
HCC.100,1,5.71247392276223,3.7859520980515,6.1683958883158,10.6555980493414,9.92217763069574
HCC.101,1,7.58871791780885,3.7859520980515,5.43827694058246,10.3186521182141,10.6555980493414
HCC.102,1,8.03012014980995,3.7859520980515,5.71247392276223,10.3186521182141,7.15450446329111
HCC.103,1,6.7056954225396,4.33851577095976,5.11797471762326,10.6555980493414,9.55360452619699
HCC.104,1,10.3186521182141,3.7859520980515,5.93950757547521,9.23976436845104,7.58871791780885
HCC.105,1,10.3186521182141,4.76214215870142,9.23976436845104,9.92217763069574,8.31780991755486
HCC.106,1,8.63843321481614,4.33851577095976,7.15450446329111,10.6555980493414,9.23976436845104
HCC.107,1,6.1683958883158,4.76214215870142,6.39466679540517,10.9721244987163,9.92217763069574
HCC.108,1,9.55360452619699,5.11797471762326,7.58871791780885,11.3226855626846,9.23976436845104
HCC.109,1,8.93169968950554,3.7859520980515,4.33851577095976,11.3226855626846,10.3186521182141
HCC.110,1,8.03012014980995,3.7859520980515,4.76214215870142,10.9721244987163,10.3186521182141
HCC.111,1,10.3186521182141,5.43827694058246,8.63843321481614,8.31780991755486,6.7056954225396
HCC.112,1,8.93169968950554,4.33851577095976,5.43827694058246,10.3186521182141,9.55360452619699
HCC.113,1,10.3186521182141,5.11797471762326,9.92217763069574,9.55360452619699,8.63843321481614
HCC.114,1,5.43827694058246,4.33851577095976,5.11797471762326,10.9721244987163,10.3186521182141
HCC.115,1,8.31780991755486,4.33851577095976,5.11797471762326,10.9721244987163,9.23976436845104
HCC.116,1,8.31780991755486,3.7859520980515,5.93950757547521,9.92217763069574,8.93169968950554
HCC.117,1,8.31780991755486,4.33851577095976,7.15450446329111,9.55360452619699,3.7859520980515
HCC.118,1,8.93169968950554,3.7859520980515,5.11797471762326,9.23976436845104,7.58871791780885
HCC.119,1,5.71247392276223,4.76214215870142,7.15450446329111,10.9721244987163,8.93169968950554
HCC.120,1,5.71247392276223,3.7859520980515,5.11797471762326,10.6555980493414,9.55360452619699
HCC.121,1,8.31780991755486,3.7859520980515,5.71247392276223,9.23976436845104,6.1683958883158
HCC.122,1,6.7056954225396,4.33851577095976,4.76214215870142,9.92217763069574,8.93169968950554
HCC.123,1,5.93950757547521,3.7859520980515,4.33851577095976,11.3226855626846,9.55360452619699
HCC.124,1,8.63843321481614,3.7859520980515,5.93950757547521,9.92217763069574,6.39466679540517
HCC.125,1,8.03012014980995,3.7859520980515,4.76214215870142,10.9721244987163,10.3186521182141
HCC.126,1,7.15450446329111,4.33851577095976,4.76214215870142,10.9721244987163,8.31780991755486
HCC.127,1,8.93169968950554,4.33851577095976,7.15450446329111,10.9721244987163,9.55360452619699
HCC.128,1,9.23976436845104,3.7859520980515,6.7056954225396,8.93169968950554,6.1683958883158
HCC.129,1,6.7056954225396,4.33851577095976,5.11797471762326,9.92217763069574,8.93169968950554
HCC.130,1,5.93950757547521,4.33851577095976,5.71247392276223,11.6636924099538,8.03012014980995
HCC.131,1,8.93169968950554,3.7859520980515,8.63843321481614,10.3186521182141,9.55360452619699
HCC.132,1,8.63843321481614,3.7859520980515,4.76214215870142,10.3186521182141,9.55360452619699
HCC.133,1,8.03012014980995,3.7859520980515,4.76214215870142,10.6555980493414,9.55360452619699
HCC.134,1,7.15450446329111,3.7859520980515,5.43827694058246,10.6555980493414,9.23976436845104
HCC.135,1,7.58871791780885,3.7859520980515,6.39466679540517,9.55360452619699,7.15450446329111
HCC.136,1,7.15450446329111,4.76214215870142,4.33851577095976,10.6555980493414,9.23976436845104
HCC.137,1,6.7056954225396,3.7859520980515,5.43827694058246,10.6555980493414,8.93169968950554
HCC.138,1,6.39466679540517,4.76214215870142,3.7859520980515,10.6555980493414,10.3186521182141
HCC.139,1,6.7056954225396,4.33851577095976,5.71247392276223,10.6555980493414,9.55360452619699
HCC.140,1,9.55360452619699,3.7859520980515,6.1683958883158,9.92217763069574,6.7056954225396
HCC.141,1,9.92217763069574,3.7859520980515,5.93950757547521,9.23976436845104,8.03012014980995
HCC.142,1,9.55360452619699,3.7859520980515,6.1683958883158,9.92217763069574,6.7056954225396
HCC.143,1,8.93169968950554,3.7859520980515,5.71247392276223,10.3186521182141,8.63843321481614
HCC.144,1,5.43827694058246,4.33851577095976,4.76214215870142,10.6555980493414,9.92217763069574
HCC.145,1,7.15450446329111,4.33851577095976,6.39466679540517,10.9721244987163,8.93169968950554
HCC.146,1,8.31780991755486,5.11797471762326,6.1683958883158,10.3186521182141,9.23976436845104
HCC.147,1,7.58871791780885,3.7859520980515,5.43827694058246,9.55360452619699,9.92217763069574
HCC.148,1,7.15450446329111,3.7859520980515,4.33851577095976,10.6555980493414,8.31780991755486
HCC.149,1,8.93169968950554,3.7859520980515,5.93950757547521,10.3186521182141,9.55360452619699
HCC.150,1,5.11797471762326,4.33851577095976,6.39466679540517,10.6555980493414,8.31780991755486
HCC.151,1,5.93950757547521,4.33851577095976,5.11797471762326,9.23976436845104,8.03012014980995
HCC.152,1,7.15450446329111,3.7859520980515,5.93950757547521,10.6555980493414,9.55360452619699
HCC.153,1,5.43827694058246,4.33851577095976,5.11797471762326,10.3186521182141,9.55360452619699
HCC.154,1,6.7056954225396,3.7859520980515,5.93950757547521,9.92217763069574,9.23976436845104
HCC.155,1,12.079234977218,9.23976436845104,11.6636924099538,6.7056954225396,5.11797471762326
HCC.156,1,7.15450446329111,4.76214215870142,6.39466679540517,10.3186521182141,9.92217763069574
HCC.157,1,8.63843321481614,3.7859520980515,5.11797471762326,9.23976436845104,7.58871791780885
HCC.158,1,6.7056954225396,3.7859520980515,5.11797471762326,10.9721244987163,9.55360452619699
HCC.159,1,8.03012014980995,3.7859520980515,5.93950757547521,10.6555980493414,9.55360452619699
HCC.160,1,8.93169968950554,3.7859520980515,7.15450446329111,10.9721244987163,9.55360452619699
HCC.161,1,6.1683958883158,3.7859520980515,5.43827694058246,10.3186521182141,9.92217763069574
HCC.162,1,8.63843321481614,4.33851577095976,5.43827694058246,9.23976436845104,5.93950757547521
HCC.163,1,5.71247392276223,3.7859520980515,5.43827694058246,10.9721244987163,10.6555980493414
HCC.164,1,5.93950757547521,3.7859520980515,5.11797471762326,10.6555980493414,10.3186521182141
HCC.165,1,5.93950757547521,3.7859520980515,4.76214215870142,9.23976436845104,6.39466679540517
HCC.166,1,6.39466679540517,3.7859520980515,7.15450446329111,10.3186521182141,8.63843321481614
HCC.167,1,6.39466679540517,4.33851577095976,5.11797471762326,10.6555980493414,8.93169968950554
HCC.168,1,6.39466679540517,4.33851577095976,5.71247392276223,10.6555980493414,9.92217763069574
HCC.169,1,6.39466679540517,4.33851577095976,5.71247392276223,10.6555980493414,10.3186521182141
HCC.170,1,6.39466679540517,3.7859520980515,5.93950757547521,10.9721244987163,10.3186521182141
HCC.171,1,6.39466679540517,3.7859520980515,5.71247392276223,10.6555980493414,8.63843321481614
HCC.172,1,6.7056954225396,3.7859520980515,4.33851577095976,9.55360452619699,9.23976436845104
HCC.173,1,6.1683958883158,3.7859520980515,5.93950757547521,9.92217763069574,9.55360452619699
HCC.174,1,8.31780991755486,4.33851577095976,5.43827694058246,10.9721244987163,10.6555980493414
HCC.175,1,10.3186521182141,5.11797471762326,8.03012014980995,8.93169968950554,7.15450446329111
HCC.176,1,6.7056954225396,3.7859520980515,4.76214215870142,10.9721244987163,9.92217763069574
HCC.177,1,8.93169968950554,3.7859520980515,5.43827694058246,9.92217763069574,8.31780991755486
HCC.178,1,6.1683958883158,3.7859520980515,5.11797471762326,11.3226855626846,9.92217763069574
HCC.179,1,5.71247392276223,3.7859520980515,4.76214215870142,11.3226855626846,10.3186521182141
HCC.180,1,7.58871791780885,4.33851577095976,5.93950757547521,10.6555980493414,8.63843321481614
HCC.181,1,8.03012014980995,4.33851577095976,5.71247392276223,10.6555980493414,9.55360452619699
HCC.182,1,6.39466679540517,4.33851577095976,4.76214215870142,10.3186521182141,8.63843321481614
HCC.183,1,7.15450446329111,4.33851577095976,6.7056954225396,10.9721244987163,8.63843321481614
HCC.184,1,8.03012014980995,3.7859520980515,7.58871791780885,10.6555980493414,10.3186521182141
HCC.185,1,6.39466679540517,5.43827694058246,4.33851577095976,8.93169968950554,6.7056954225396
HCC.186,1,6.7056954225396,4.33851577095976,5.43827694058246,10.3186521182141,9.55360452619699
HCC.187,1,11.3226855626846,6.1683958883158,10.9721244987163,8.63843321481614,7.15450446329111
HCC.188,1,7.58871791780885,3.7859520980515,5.11797471762326,9.23976436845104,5.93950757547521
HCC.189,1,6.7056954225396,4.33851577095976,6.1683958883158,10.3186521182141,10.6555980493414
HCC.190,1,8.31780991755486,3.7859520980515,6.39466679540517,9.92217763069574,8.63843321481614
HCC.191,1,5.11797471762326,3.7859520980515,5.71247392276223,10.6555980493414,9.23976436845104
HCC.192,1,11.3226855626846,5.71247392276223,9.55360452619699,8.93169968950554,6.7056954225396
HCC.193,1,9.55360452619699,5.93950757547521,4.33851577095976,11.3226855626846,10.6555980493414
HCC.194,1,12.079234977218,6.39466679540517,10.9721244987163,8.93169968950554,5.93950757547521
HCC.195,1,9.23976436845104,4.33851577095976,5.71247392276223,9.92217763069574,5.93950757547521
HCC.196,1,11.3226855626846,7.15450446329111,9.23976436845104,7.58871791780885,5.43827694058246
HCC.197,1,10.9721244987163,5.11797471762326,8.03012014980995,9.92217763069574,8.93169968950554
HCC.198,1,7.15450446329111,3.7859520980515,4.33851577095976,10.3186521182141,9.55360452619699
HCC.199,1,6.39466679540517,3.7859520980515,5.11797471762326,10.3186521182141,9.23976436845104
HCC.200,1,6.7056954225396,4.33851577095976,5.71247392276223,10.3186521182141,9.23976436845104
HCC.201,1,10.3186521182141,5.43827694058246,8.03012014980995,7.58871791780885,3.7859520980515
HCC.202,1,8.31780991755486,4.33851577095976,3.7859520980515,10.6555980493414,9.92217763069574
HCC.203,1,5.43827694058246,4.33851577095976,4.76214215870142,11.3226855626846,10.3186521182141
HCC.204,1,4.76214215870142,3.7859520980515,5.71247392276223,9.92217763069574,8.93169968950554
HCC.205,1,8.63843321481614,4.33851577095976,4.76214215870142,10.6555980493414,9.23976436845104
HCC.206,1,9.55360452619699,5.11797471762326,8.03012014980995,8.63843321481614,5.71247392276223
HCC.207,1,11.6636924099538,5.43827694058246,8.93169968950554,8.31780991755486,5.71247392276223
HCC.208,1,6.1683958883158,4.33851577095976,5.43827694058246,10.9721244987163,8.63843321481614
HCC.209,1,6.39466679540517,3.7859520980515,5.11797471762326,10.6555980493414,9.92217763069574
HCC.210,1,9.23976436845104,3.7859520980515,6.1683958883158,10.3186521182141,8.93169968950554
HCC.211,1,9.92217763069574,4.76214215870142,7.15450446329111,10.9721244987163,10.6555980493414
HCC.212,1,10.6555980493414,5.43827694058246,4.33851577095976,8.93169968950554,7.58871791780885
HCC.213,1,8.03012014980995,3.7859520980515,5.11797471762326,9.23976436845104,9.55360452619699
HCC.214,1,9.55360452619699,4.33851577095976,4.76214215870142,8.63843321481614,5.93950757547521
HCC.215,1,8.03012014980995,4.33851577095976,5.43827694058246,9.92217763069574,9.23976436845104
HCC.216,1,6.39466679540517,4.33851577095976,4.76214215870142,9.55360452619699,6.7056954225396
HCC.217,1,8.93169968950554,3.7859520980515,4.76214215870142,10.3186521182141,9.23976436845104
HCC.218,1,11.3226855626846,5.93950757547521,9.55360452619699,8.31780991755486,4.76214215870142
HCC.219,1,7.15450446329111,3.7859520980515,5.11797471762326,9.55360452619699,7.58871791780885
HCC.220,1,8.93169968950554,3.7859520980515,4.76214215870142,10.3186521182141,10.9721244987163
HCC.221,1,7.15450446329111,4.33851577095976,4.76214215870142,11.3226855626846,10.6555980493414
HCC.222,1,9.55360452619699,4.33851577095976,7.15450446329111,8.93169968950554,6.1683958883158
HCC.223,1,8.31780991755486,3.7859520980515,4.76214215870142,10.6555980493414,8.63843321481614
HCC.224,1,11.3226855626846,4.33851577095976,4.76214215870142,8.93169968950554,6.7056954225396
HCC.225,1,8.63843321481614,3.7859520980515,5.11797471762326,10.3186521182141,8.31780991755486
HCC.226,1,9.92217763069574,4.76214215870142,8.93169968950554,9.55360452619699,9.23976436845104
HCC.227,1,7.58871791780885,4.33851577095976,5.43827694058246,10.6555980493414,9.92217763069574
HCC.228,1,11.3226855626846,7.15450446329111,7.58871791780885,10.3186521182141,9.92217763069574
HCC.229,1,6.39466679540517,4.33851577095976,3.7859520980515,10.6555980493414,9.55360452619699
HCC.230,1,6.39466679540517,4.33851577095976,5.11797471762326,9.92217763069574,10.3186521182141
HCC.231,1,11.6636924099538,6.39466679540517,9.55360452619699,9.92217763069574,8.63843321481614
HCC.232,1,7.15450446329111,3.7859520980515,5.93950757547521,10.6555980493414,8.31780991755486
HCC.233,1,7.58871791780885,3.7859520980515,5.43827694058246,10.6555980493414,8.03012014980995
HCC.234,1,8.93169968950554,3.7859520980515,4.76214215870142,11.3226855626846,9.55360452619699
HCC.235,1,9.55360452619699,4.76214215870142,8.03012014980995,8.93169968950554,6.7056954225396
HCC.236,1,8.93169968950554,3.7859520980515,5.43827694058246,11.6636924099538,11.3226855626846
HCC.237,1,7.15450446329111,3.7859520980515,4.33851577095976,9.92217763069574,11.3226855626846
HCC.238,1,7.58871791780885,3.7859520980515,5.11797471762326,9.92217763069574,10.6555980493414
HCC.239,1,8.93169968950554,3.7859520980515,6.39466679540517,9.92217763069574,8.31780991755486
HCC.240,1,10.3186521182141,4.33851577095976,9.92217763069574,8.31780991755486,5.11797471762326
HCC.241,1,5.71247392276223,4.33851577095976,7.15450446329111,10.9721244987163,9.55360452619699
HCC.242,1,8.31780991755486,3.7859520980515,6.39466679540517,9.92217763069574,9.23976436845104
HCC.243,1,6.1683958883158,4.33851577095976,3.7859520980515,9.55360452619699,8.93169968950554
HCC.244,1,9.92217763069574,3.7859520980515,7.58871791780885,8.93169968950554,8.31780991755486
HCC.245,1,5.93950757547521,3.7859520980515,5.71247392276223,9.23976436845104,11.6636924099538
HCC.246,1,5.71247392276223,5.43827694058246,3.7859520980515,10.9721244987163,9.55360452619699
HCC.247,1,8.03012014980995,4.33851577095976,7.15450446329111,9.92217763069574,9.23976436845104
HCC.248,1,7.58871791780885,3.7859520980515,6.7056954225396,10.9721244987163,9.23976436845104
HCC.249,1,10.3186521182141,5.43827694058246,8.93169968950554,9.92217763069574,5.93950757547521
HCC.250,1,5.93950757547521,5.11797471762326,3.7859520980515,10.3186521182141,9.55360452619699
HCC.251,1,8.93169968950554,4.33851577095976,5.11797471762326,9.23976436845104,8.03012014980995
HCC.252,1,5.11797471762326,4.33851577095976,6.39466679540517,10.3186521182141,10.9721244987163
HCC.253,1,7.58871791780885,3.7859520980515,6.1683958883158,9.55360452619699,5.93950757547521
HCC.254,1,5.71247392276223,5.11797471762326,4.33851577095976,10.3186521182141,9.92217763069574
HCC.255,1,5.11797471762326,4.33851577095976,5.43827694058246,11.3226855626846,10.6555980493414
HCC.256,1,6.7056954225396,3.7859520980515,4.33851577095976,11.6636924099538,10.3186521182141
HCC.257,1,6.39466679540517,3.7859520980515,5.71247392276223,9.55360452619699,8.03012014980995
HCC.258,1,6.39466679540517,3.7859520980515,6.1683958883158,9.92217763069574,8.03012014980995
HCC.259,1,5.93950757547521,4.33851577095976,5.11797471762326,10.9721244987163,8.63843321481614
HCC.260,1,6.1683958883158,3.7859520980515,5.93950757547521,10.3186521182141,8.63843321481614
HCC.261,1,11.3226855626846,7.15450446329111,6.39466679540517,6.1683958883158,4.76214215870142
HCC.262,1,6.7056954225396,4.76214215870142,5.11797471762326,10.6555980493414,8.93169968950554
HCC.263,1,7.15450446329111,4.33851577095976,6.1683958883158,10.6555980493414,9.55360452619699
HCC.264,1,6.7056954225396,4.33851577095976,3.7859520980515,11.6636924099538,10.3186521182141
HCC.265,1,11.3226855626846,5.43827694058246,10.3186521182141,8.63843321481614,8.93169968950554
HCC.266,1,6.39466679540517,3.7859520980515,5.11797471762326,10.3186521182141,9.92217763069574
HCC.267,1,7.15450446329111,3.7859520980515,5.93950757547521,9.92217763069574,8.93169968950554
